13.34055959,0.277,0.35,0.0175,0.000000207,0.355,0.0000103,3.8706977
13.29247971,0.00928,0.52,0.195,0.00000048,0.265,0.0103,2.7036521
26.7060911,0.0352,0.965,0.0000383,0.000000983,0.0000355,0.000049,1.2359744
13.86979809,0.0000267,0.919,0.0000134,0.000000344,0.0000124,0.0811,4.534122
5.984300591,0.0000782,0.909,0.0000392,0.00000101,0.0907,0.0000503,3.2427297
15.52874484,0.0537,0.735,0.0000307,0.000000789,0.0000284,0.211,2.9946253
12.07558837,0.0000425,0.887,0.0000213,0.000000548,0.0000198,0.113,3.9143152
22.69739912,0.311,0.634,0.0000233,0.000000599,0.0556,0.0000299,3.480347
9.501414564,0.000019,0.387,0.276,0.000000244,0.337,0.0000122,3.8354826
6.644385947,0.366,0.566,0.0678,0.000000367,0.0000132,0.0000183,-1.998246
8.242451476,0.0000354,0.864,0.0862,0.000000456,0.0498,0.0000227,5.182076
5.762350638,0.318,0.681,0.000028,0.000000718,0.0000259,0.000529,0.009303524
6.637721957,0.000151,0.786,0.0000756,0.00000194,0.213,0.0000969,-1.182985
10.45649732,0.219,0.533,0.00000831,0.000000213,0.016,0.233,-0.8805143
7.017511218,0.000042,0.976,0.0000211,0.000000541,0.0000195,0.0235,-2.4554346
10.70034824,0.00948,0.513,0.0495,0.000000404,0.427,0.000576,3.2294936
9.341528988,0.307,0.297,0.0000244,0.000000627,0.396,0.0000313,3.8462722
11.09695307,0.16,0.695,0.0000134,0.000000344,0.145,0.0000172,4.371412
12.49745582,0.0000477,1,0.0000239,0.000000614,0.0000222,0.0000306,0.35123575
10.60950606,0.246,0.614,0.0000179,0.000000459,0.0505,0.089,0.6111727
20.63716077,0.347,0.554,0.0000146,0.000000375,0.0985,0.0000187,0.35945776
15.09892604,0.0225,0.641,0.0000143,0.000000368,0.147,0.19,1.43726
16.39250391,0.0000227,0.316,0.0000114,0.000000293,0.0217,0.662,1.9941921
9.161338951,0.0000388,0.931,0.0687,0.0000005,0.000018,0.0000249,1.248719
9.764503914,0.0149,0.96,0.0000206,0.000000528,0.000019,0.0251,8.924255
6.567707021,0.00937,0.868,0.0584,0.000000349,0.0000126,0.0637,9.20767
10.10802904,0.0000322,0.963,0.0000161,0.000000415,0.0373,0.0000207,1.2105083
14.74517823,0.272,0.727,0.0000206,0.000000529,0.000746,0.0000264,4.0710316
0.740998244,0.000153,0.256,0.0000767,0.00000197,0.743,0.0000983,5.121525
0.273628361,0.0000231,0.386,0.437,0.000000298,0.177,0.0000148,5.3847713
5.519521774,0.575,0.17,0.00000455,0.000000117,0.254,0.00000583,8.294414
2.046537538,0.225,0.193,0.00002,0.000000513,0.582,0.0000256,1.6162748
5.659281747,0.0000547,0.924,0.0000274,0.000000704,0.0755,0.0000351,1.5337306
2.751774954,0.521,0.383,0.0000456,0.00000117,0.0957,0.0000584,1.644291
6.161821474,0.0000557,1,0.000028,0.000000718,0.0000259,0.0000358,-0.55483484
11.92435439,0.0000309,0.516,0.25,0.000000399,0.0000144,0.234,-2.656858
18.23201489,0.0000337,0.51,0.0000169,0.000000434,0.0000157,0.49,2.8218753
2.607791321,0.0000372,0.759,0.0727,0.000000479,0.0000173,0.168,6.9267135
4.450393504,0.000033,0.579,0.153,0.000000425,0.166,0.102,2.4639711
5.089089519,0.215,0.553,0.0000175,0.00000045,0.0000162,0.232,6.874516
13.9013116,0.389,0.542,0.0000305,0.000000783,0.0694,0.000039,6.939267
4.653791238,0.47,0.44,0.0000129,0.00000033,0.0000119,0.0905,6.9957294
10.41293649,0.0144,0.98,0.0000173,0.000000444,0.000016,0.00551,-0.037240412
3.291946409,0.0000597,0.911,0.0000299,0.000000769,0.0000277,0.0888,2.4745939
6.188531292,0.000041,0.0274,0.0000206,0.000000528,0.0359,0.937,2.8831515
1.710219219,0.000334,0.999,0.000167,0.0000043,0.000155,0.000214,7.476489
13.00530707,0.000149,0.0401,0.0000747,0.00000192,0.724,0.236,2.5921388
16.32081915,0.0751,0.0476,0.00155,0.00000214,0.873,0.00304,9.242744
4.68601575,0.0000425,0.843,0.09,0.000000548,0.0493,0.0177,-2.0122223
4.408767868,0.662,0.338,0.0000567,0.00000146,0.0000525,0.0000726,7.022573
3.98071589,0.211,0.0108,0.0000189,0.000000485,0.0000175,0.778,2.7440019
16.80265203,0.0000677,0.868,0.000034,0.000000872,0.0000314,0.132,5.9258885
19.06434853,0.0656,0.934,0.0000629,0.00000162,0.0000583,0.0000806,2.4166903
17.97761721,0.351,0.406,0.000027,0.000000694,0.000025,0.244,2.5296504
20.51254526,0.0000405,0.895,0.0000203,0.000000521,0.0544,0.0502,4.54669
21.32264051,0.0177,0.214,0.111,0.00000066,0.526,0.132,4.6748276
10.62635782,0.313,0.531,0.0000122,0.000000314,0.0000113,0.157,4.4084826
9.443204176,0.0000608,1,0.0000305,0.000000783,0.0000283,0.0000391,-0.36477447
21.95824768,0.681,0.21,0.109,0.000000726,0.0000262,0.0000362,3.526478
15.40298174,0.257,0.562,0.0000107,0.000000274,0.00000987,0.181,3.4225018
10.25067332,0.0000434,0.129,0.0000218,0.000000559,0.0000202,0.871,4.4948773
12.65988146,0.000031,0.673,0.0000155,0.000000399,0.0000144,0.327,3.6146133
11.01502962,0.0706,0.401,0.0000783,0.00000201,0.25,0.278,4.0915027
7.886626801,0.0248,0.00463,0.000000812,0.971,0.000000752,0.00000104,5.6957793
10.28509108,0.153,0.452,0.159,0.00000016,0.000116,0.236,1.9942809
8.602185156,0.0000291,0.719,0.0000146,0.000000375,0.0417,0.239,-0.7245835
8.373936409,0.000422,0.966,0.0000215,0.000000552,0.0000199,0.0334,-0.34672722
7.225745694,0.000244,0.415,0.265,0.000000319,0.0255,0.294,0.5528809
6.163913658,0.00839,0.751,0.0545,0.000000259,0.00000935,0.186,-0.37252587
0,0.0934,0.223,0.489,0.000000187,0.00000674,0.195,0.16908099
4.257239106,0.00105,0.507,0.328,0.000000214,0.00000772,0.164,0.78226835
0,0.0409,0.613,0.346,0.00000124,0.0000446,0.0000617,0.16801728
8.26921604,0.0000789,0.312,0.688,0.00000102,0.0000367,0.0000507,0.8193061
1.773830376,0.184,0.234,0.512,0.000000408,0.0000147,0.0704,-0.76034766
8.515027448,0.129,0.114,0.304,0.000000287,0.0469,0.406,-0.7674611
7.887771115,0.153,0.321,0.526,0.000000338,0.0000122,0.0000169,6.746148
13.94507479,0.0000564,0.194,0.464,0.000000727,0.0000262,0.342,1.4318396
5.688314767,0.000022,0.357,0.553,0.000000283,0.0554,0.0346,1.0668947
10.7233829,0.0000177,0.344,0.632,0.000000227,0.0236,0.0000113,0.14942533
16.8861593,0.483,0.000324,0.517,0.00000111,0.0000401,0.0000555,0.99568963
12.64564662,0.797,0.00052,0.202,0.00000178,0.0000644,0.000089,-0.83633494
0.404552244,0.000026,0.2,0.711,0.000000334,0.0887,0.0000167,-0.13687897
0,0.0000562,0.261,0.647,0.000000723,0.0557,0.0363,0.5354321
1.332794465,0.997,0.00249,0.0000412,0.00000106,0.0000381,0.0000527,-1.7011827
5.709811707,0.355,0.234,0.308,0.000000792,0.0000286,0.103,-0.1415099
4.164630335,0.000119,0.628,0.259,0.00000154,0.0000555,0.113,0.30174538
4.10128454,0.219,0.49,0.0000175,0.00000045,0.0000162,0.291,6.2187486
6.773138901,0.0359,0.44,0.0000423,0.00000109,0.104,0.421,1.0171046
5.092525807,0.0363,0.296,0.459,0.00000106,0.209,0.0000527,4.7998667
5.746034373,0.52,0.225,0.255,0.000000984,0.0000355,0.0000491,3.1067867
9.195639935,0.29,0.219,0.148,0.000000464,0.0000167,0.343,5.871966
11.55162514,0.309,0.45,0.192,0.000000663,0.0000239,0.0488,6.85412
3.113582257,0.518,0.000316,0.481,0.00000109,0.0000392,0.0000542,1.6791824
7.552103559,0.000127,0.552,0.448,0.00000163,0.0000589,0.0000814,1.1913439
5.875078349,0.000027,0.81,0.112,0.000000347,0.0000125,0.0778,2.1624668
18.45247651,0.734,0.0974,0.000061,0.00000157,0.0000565,0.168,2.6844122
7.434132619,0.498,0.413,0.0000371,0.000000951,0.0000343,0.089,3.913235
14.10458879,0.456,0.241,0.097,0.00000048,0.0000173,0.206,3.2226484
13.50450038,0.906,0.094,0.0000184,0.000000473,0.000017,0.0000236,6.1250367
14.34803373,0.0479,0.917,0.0000266,0.000000682,0.0000246,0.0347,0.23051883
5.524994177,0.101,0.189,0.000023,0.000000591,0.0877,0.622,4.5232563
7.409435676,0.0000218,0.461,0.0000109,0.00000028,0.0000101,0.539,3.97387
9.988728787,0.237,0.661,0.00000652,0.000000168,0.0121,0.09,4.510446
5.538673597,0.136,0.864,0.000368,0.00000026,0.00000939,0.000013,3.514309
5.945732929,0.033,0.967,0.0000322,0.000000826,0.0000298,0.0000412,3.1397061
2.255526686,0.174,0.826,0.000091,0.00000234,0.0000843,0.000117,-1.8324163
9.495003107,0.294,0.618,0.0413,0.000000282,0.0000102,0.0463,3.4665759
6.07980747,0.433,0.408,0.000031,0.000000797,0.0701,0.0893,-2.2296672
7.086527622,0.000095,0.63,0.0000477,0.00000122,0.0000442,0.37,3.5099144
4.853169576,0.71,0.29,0.000057,0.00000146,0.0000528,0.0000731,-1.9383197
1.943557393,0.000327,0.392,0.608,0.00000421,0.000152,0.00021,-3.0510561
4.089657184,0.0000961,0.369,0.63,0.00000124,0.0000447,0.0000618,-2.4896069
9.252987984,0.00000173,0.00000651,0.000000871,1,0.000000806,0.00000112,7.2359004
7.503306067,0.0299,0.848,0.0643,0.000000435,0.0000157,0.058,6.99298
6.806681856,0.0000791,1,0.0000397,0.00000102,0.0000367,0.0000508,6.96148
7.221289176,0.351,0.598,0.0000279,0.000000715,0.0506,0.0000357,-1.7917783
0.91866901,0.000173,1,0.000087,0.00000223,0.0000806,0.000111,9.095996
8.588199004,0.267,0.716,0.0000223,0.000000571,0.0000206,0.0161,9.020033
7.058501381,0.918,0.0000571,0.0731,0.000000196,0.00891,0.00000979,-3.9602346
12.46794816,0.137,0.378,0.0395,0.000000308,0.0216,0.424,8.551829
5.862768225,0.000166,0.69,0.0000833,0.00000214,0.0000771,0.31,8.352511
4.101376216,0.0000418,0.616,0.367,0.000000538,0.0000194,0.0178,8.501404
